-0.1833989221997568
-0.37009129592122664
-0.45100225086844314
-0.185891881949999
-0.2491341650375945
-0.39769097760827543
-0.26648198499536146
-0.41351065744335125
-0.38054886729511783
-0.2249241704805141
-0.2094645001194082
-0.4143912722594393
-0.3715022828982826
-0.12362563046930936
-0.20611451186967336
-0.12637722684991867
-0.02502761096744568
-0.24767423891687923
-0.19317235900413732
-0.3508225520507596
-0.33865640692053306
0.02683252485724091
-0.1862473329721704
-0.059900518558187496
-0.19580161106287342
-0.380902457933341
-0.1422180186706895
-0.2089304233461867
-0.3343173944816348
-0.16707298766399634
-0.17174890257714917
-0.19670077997932417
-0.21036274818478684
-0.13524607695160862
-0.3356361621610431
-0.3181579235432302
-0.14271704161637927
-0.1881603449320599
-0.16641885993386143
-0.357742829436823
-0.1978321917000118
-0.35887025074799084
-0.1971372907600243
-0.2164792935994179
-0.44334395974874846
0.07460028255630285
0.025138333032421505
-0.05934693618485811
-0.16050117759726865
-0.2399838430941439
-0.21498767079809694
-0.4387268878767937
-0.21404499670514615
-0.2646726205051535
-0.20853857920396562
-0.2092548224825826
-0.25018983541779205
-0.21157739551035176
-0.2560918817421469
-0.3015865722507619
-0.28327372901489006
-0.05608776534389997
-0.2256372411706828
-0.23880297681139503
-0.27840074662041786
-0.10070627340135355
-0.19210587865120665
-0.01229367850894994
-0.2393003239133412
-0.28393090125885107
-0.2749183979241161
-0.13307666899160875
-0.22408528548803913
-0.27003109610141657
-0.06624658373355416
-0.20268961039776187
-0.21996745333528211
-0.23018006946702513
-0.07700050020660892
-0.21820038093789965
-0.18301270192042846
-0.2502691193548603
-0.2292148777634586
-0.13651639612798283
-0.2218568306642586
-0.19774697346471026
-0.2933767347724286
-0.20548031993135657
-0.16799494214932661
-0.2476118354040584
-0.2724780514923387
-0.45155547684458397
-0.19909890422607443
-0.19677100572554923
-0.20132675390835
-0.2583720483601075
-0.03651523868770214
-0.1981989322338275
-0.21162060132957392
-0.18612641890282222
-0.23696792466599714
-0.24847558120328855
-0.217867822317242
-0.21296644048339647
-0.45227300160695905
-0.21521903420711103
-0.43362021530883654
-0.43698279254936334
-0.4558045680608875
-0.25707882529136966
-0.2122905231695474
-0.2367693438489838
-0.1845869282218063
-0.22173490294797243
-0.16762837783533052
-0.20367279203497374
-0.2557403486271974
-0.2550427867315724
-0.230123487343367
-0.2462349955190316
-0.3055699837738228
-0.2276647296724298
-0.04091163899227365
-0.25035819876001775
-0.28686367975182625
-0.2637215229737153
-0.21466083925403362
-0.11532588170323944
-0.2598992616229576
-0.1926103805008884
-0.14846012618257448
-0.14638590170189617
-0.06337378900629811
-0.21289262773651052
-0.26537011227809226
-0.31624392791253775
-0.10473030398827624
0.03522670023268293
-0.25706325097075045
-0.2919525687618904
-0.26995492905047414
-0.2747908714503352
-0.21739606511273968
-0.26042313645321796
-0.2296457988219268
-0.25624883677722055
-0.06312851567062427
-0.16992096678664964
-0.22294659020143653
-0.2204990548996663
-0.24154390770046003
-0.2404116998244319
-0.24557111486472366
-0.254946432039443
-0.26431364696199167
-0.1511108400766784
-0.16753906324277956
-0.278956495414585
-0.17266796873783774
-0.21911264073294295
-0.17759793738943797
-0.2347063994626949
-0.11156030770216341
-0.2644476180376695
-0.22693079843696332
-0.2305337119248908
-0.26517895948427617
-0.18717606190818387
-0.27749755188803504
-0.23578316443123873
-0.26607612245010814
-0.2412114578304046
-0.2959633416163686
-0.26048722083538045
-0.2986074937152465
-0.1918418091314226
-0.3017911820059329
-0.12907584397938782
-0.21154511020090844
-0.29687863703852835
-0.22913965897633565
-0.09212760544869858
-0.2448869081491925
-0.28021134738315734
-0.06748849989961102
-0.2544877011241895
-0.23557327219408444
-0.28345456436543043
-0.20464036330871305
-0.26843668008464083
-0.3009517400578487
-0.30998904975746006
-0.21453004636461784
-0.287099672053603
-0.19577585409805667
-0.23417787908103754
-0.23787784883855007
-0.20791949124404768
-0.23934431839291392
-0.2499857845088474
-0.23233939519156038
-0.2334315845785232
-0.25527321178929174
-0.0047433320411018305
-0.0826539442702724
-0.29524330206152516
-0.24474897246035143
-0.21854681326180755
-0.2826903165600495
-0.23101310035096959
-0.09483969978971153
-0.24257887371774167
-0.30220623238033617
-0.14167147400561492
-0.19357193645779464
-0.2716664969621074
-0.027204422949795526
-0.2722057874578677
-0.32877201332979583
-0.31343482632585457
-0.2429973133848547
-0.33482908538631395
-0.06963339852587996
-0.20721523567286823
-0.24587854808532172
-0.2260305641491155
-0.31369839915112885
-0.24918148577164473
-0.3068462622234689
-0.2848191063269985
-0.2749260047052867
-0.2057948576766697
-0.14513510045031414
-0.1748877020676821
-0.27713689323460367
-0.22456450137958972
-0.2635270699713608
-0.28926838418244993
-0.25802388189810427
-0.3226335389993103
-0.20058442945764438
-0.2317452956729399
-0.23406760481631658
-0.2843576949027703
-0.2781504376003911
-0.23128000741751248
-0.27782281386191565
-0.2223162371717814
-0.026339979866008955
-0.21945735960498608
-0.18753690510471416
-0.2638962086881297
-0.1926162001561531
-0.1286007072325494
-0.15132938914686883
-0.2670747977209268
-0.21485877770074824
-0.3154558863022954
-0.0954220098294774
-0.27753372697284157
-0.12159431986939256
-0.27884348033155526
-0.09147641057307027
-0.27335034919087353
-0.1577331732204884
-0.3069091107539632
-0.2940110655973832
-0.19380048466112482
-0.27239809743494725
-0.23716891948083232
-0.2321860844012768
-0.244321502036547
-0.2173925257643806
-0.24803186370337216
-0.26877132779651025
-0.14204144666221136
-0.2555805700253079
-0.2737436294508824
-0.2600840131517538
-0.2700609167948341
-0.26506062128243063
-0.1509590940654392
-0.3155543801114523
-0.20409659131126467
-0.2643153478818905
-0.24217956045657954
-0.17561970561295293
-0.23493549700201405
-0.10156314399981636
-0.09497442504304761
-0.21464654685023193
-0.2227007191887886
-0.11574231717506318
-0.22179592867497055
0.028372878740124848
-0.30260634019602284
-0.24403248372839875
-0.2844257278303744
-0.299050299498747
-0.1053251470417877
-0.20832389467687945
-0.2200949280831981
-0.27152527120847225
-0.25111328650276277
-0.1958354683961196
-0.17608712794494308
-0.25095853643406624
-0.260185414792488
-0.24205718431248557
-0.0587658473001839
-0.24844475425338303
-0.27106167186178265
-0.2257964804320726
-0.1922878312369699
-0.21937669041379002
-0.21710754233170626
-0.1852774240373905
-0.3269603983824765
-0.17347967016351387
-0.3017397237533249
-0.2356040675521891
-0.2678701160936726
-0.24794363878256243
-0.20392809346703994
-0.07472053200648829
-0.26748014946677745
-0.27429103220688844
-0.26959466192501436
-0.019302748984219853
-0.28595364651199107
-0.24524929291890035
-0.22332139873983592
-0.24924502602397525
-0.24193373087417933
-0.20283447392718224
0.005907900326744517
-0.07648625369270581
-0.15412995643938948
-0.12550576922342882
-0.45629829535847477
-0.09032802446765306
-0.21655847477462703
-0.03196670946880473
-0.29405486182640117
-0.21627049802646756
-0.20732213922180526
-0.45383336229346016
-0.25115099630819426
-0.2828197085227622
-0.1772443148602902
0.05202908528601467
-0.22805340084798886
-0.21114380154698004
-0.23932164628206515
-0.2891445090302167
-0.08202308256880866
-0.21497057687260557
-0.2656681933248787
-0.03558373900590317
-0.23912096445846398
-0.22421684315010287
-0.236993236503971
-0.22650140209881298
-0.29668849554454113
-0.11991715927628928
-0.16953727734473345
-0.12262379627813111
-0.26356105677980457
-0.21479712646483795
-0.2751721085002993
-0.22668955436428218
-0.028996544975028522
-0.27144446693327573
-0.4657329613633565
-0.05186143880562065
-0.22636196808619383
-0.12339545577013425
-0.306210369783618
-0.2677847565039077
-0.31991635757142967
-0.23956912348819115
-0.2535342081177985
-0.21653126809135553
-0.26332589913607735
-0.25220713667416517
-0.27341937164771285
-0.05515924274101777
-0.2396509961938692
-0.20280193284336145
-0.3069128577973114
-0.2423657951344898
-0.23284532917681694
-0.1423750948171111
-0.2299381284716424
-0.22195813589410796
-0.303039169159948
-0.2935584570430866
-0.32143342411135123
-0.19935382427985165
-0.20810146668883764
-0.11790229914575376
-0.18790848021714948
-0.3219303563528909
-0.2793724963295966
-0.23079572825738964
-0.20994360013002403
-0.20801029104273008
-0.23162805960915195
-0.2856491881640676
-0.2903032045341055
-0.1583634873857327
-0.1940664920181912
-0.2537316426906644
-0.17032188236093734
-0.2799973469089628
-0.0443576065848766
-0.21747761558797293
-0.22754441343041082
-0.08298798423819008
-0.17607566165992386
-0.09869648969216241
-0.2258245567551566
-0.2515537958707802
-0.23930558060471832
-0.2076903524245054
-0.1212127221275279
-0.15231552800906964
-0.31739598534015057
-0.2083631283631373
-0.13373191240672208
-0.19729465237631266
-0.18062936057809903
-0.1895963606487105
-0.26510992231773056
-0.20381625336406764
-0.19276366944517487
-0.1799147755851739
-0.20913920049706758
-0.20150578613563191
-0.22987161259902045
-0.22493887012066743
-0.230681295537935
-0.1929489375149057
-0.19577371028598442
-0.257379062199777
-0.20909138020569695
-0.14872520358935382
-0.06814154571387399
-0.24305903726925604
-0.24367537564913705
-0.24518274527263767
-0.11794165129650083
-0.22659771685147673
-0.14476096196397134
-0.22497252210390248
-0.21457462327307578
-0.25344917805290845
-0.12845593718319437
-0.24930304602390807
-0.2075293181050195
-0.39062000653140877
-0.1288703203883207
-0.19706193994095253
-0.24381625343933466
-0.22035108081955324
-0.21428410084797928
-0.24855971868977383
-0.24646745992524602
-0.2757114375731376
-0.08032778448915279
-0.1494189029823368
-0.2423427948881878
-0.19947224829725163
-0.14319882136354067
-0.22620162397561783
-0.23262781857120152
-0.2535879742214615
-0.24766629824498823
-0.236755409808363
-0.19669331547469582
-0.22566786962859167
0.005401257748012311
-0.2217891901838269
-0.11466402387303715
-0.012510063480491395
-0.31485839655577363
-0.3161182803950952
-0.25148256181354034
-0.25399669281487347
-0.2158873780638415
-0.19608312679556233
-0.2924319699048179
-0.2621385279866897
-0.27463724486112
-0.08689717285300251
0.05784261510812112
-0.2841653658783807
-0.3098720017684642
-0.2584260098061612
-0.20849750508749346
-0.26913827810590113
-0.21305764868564286
-0.17034222987928838
-0.1916886312277595
-0.16003533420369248
-0.25147351345383917
-0.26696622756175137
-0.15225802088499935
-0.284550998850679
-0.2125673181712182
-0.165170252049462
-0.10793645487656223
-0.30902287354571134
-0.19943063867918076
-0.18567142487857372
-0.21675682734813462
-0.24657178176923397
-0.16587171254019623
-0.23644636566645405
-0.21049208638835998
-0.3074262969076467
-0.2979838973520538
-0.2090396046863184
-0.1984801416368247
-0.0513363876386585
-0.21206735066065294
-0.2690521659909378
-0.24343018229418256
-0.16623903851214142
-0.22003685154904265
-0.2702761406348959
-0.060861161381294486
-0.08999444685228068
-0.24860808375773027
-0.30368794525096543
-0.20475726474851969
-0.20366650699922878
-0.19807967566246334
-0.02337047908636853
-0.24856303153416368
-0.1814809536602694
-0.22215740275021367
-0.22937364110810587
-0.18622356349800617
-0.20947473320804594
-0.3072082134429528
-0.17180611117499048
-0.09635695214753393
-0.15558805662726027
-0.2885916356581485
-0.18972042026765704
-0.20215738726589688
-0.2169434442642318
-0.23685414242157216
-0.2771308871434891
-0.2659661663423226
-0.11733369920082495
-0.3044010506625484
-0.11825288780409551
-0.24674087255052535
-0.22265840568084785
-0.2898566224249981
-0.24333993910003748
-0.11565622343248468
-0.1905821301831957
-0.23859294543777237
-0.24988014161060035
-0.23673703595762058
-0.26307199154704497
-0.22702283608761248
-0.1944261007390261
-0.21520115799464481
-0.21667821202821802
-0.23180751904093153
-0.21549301084166383
-0.29904331256688077
-0.20922553556099674
-0.21021859681423066
-0.2298175105590195
-0.2191949990257899
-0.2206624280276711
-0.2936959935303453
-0.1812600317216925
-0.1863721446584653
-0.2644916311010843
-0.2058909939176579
-0.251901732559239
-0.11656435727223649
-0.09396978495362332
-0.07260279621670307
-0.2612986307938869
-0.3206958545563664
-0.09591619315501618
-0.2314558933980027
-0.26002378266548476
-0.26956305068654374
-0.15664673327518144
-0.2781384272582015
-0.2893192345013077
-0.15431638386198843
-0.1499265749468637
-0.1146972724156754
-0.25291453638611583
-0.1923147276811974
-0.11555237315977568
-0.3016146193397603
-0.2666602280192632
-0.18890809754707222
-0.28150492665215965
-0.21850527930853872
-0.1394972450181035
-0.28723916299572216
-0.2507894638756162
-0.21733620502257514
-0.19514261766945548
-0.12982902053566756
-0.254934587494438
-0.2518713936682637
-0.21993401931231968
-0.21127631621064819
-0.20711041622970636
-0.2830672839817313
-0.25012403171150577
-0.254729311127595
-0.27164430705764964
-0.27771322402303733
-0.2420503199788205
-0.2684709591162989
-0.04141559222666194
-0.2709045780281767
-0.2554403155839846
-0.10839195337726776
-0.1861210582640337
-0.24765316174164342
-0.26361436962452156
-0.23666405768539078
-0.21816720307649012
-0.24432249735036377
-0.19029925146406534
-0.006485500518889055
-0.23263969729468623
-0.27372066635780323
-0.24806720673373545
-0.26673463394202845
-0.2967017815013623
-0.24040605115111496
-0.1263224709304772
-0.2461682713552485
-0.2259038053504724
-0.205165772073502
-0.10812061246758475
-0.2259692429518384
-0.26015558523755977
-0.21514809610639807
-0.15966203465637216
-0.19905063148372662
-0.13706289533432908
-0.33024709918906114
-0.059752918213363766
-0.1356317681736494
-0.2320624868133476
-0.24490453309016394
-0.056148307311107384
-0.26810367439953686
-0.25733055722999976
-0.2760177026307049
-0.2869778492153169
-0.25974960081297666
-0.189017865882403
-0.027132049518743238
-0.23802940675396517
-0.24350075447189004
-0.21618410336127958
-0.28293287921998367
-0.2676247231360602
-0.25321207418490443
-0.1490956938101093
-0.23357753469951664
-0.1809228340047935
-0.23389502096316966
-0.22163407770110938
-0.16087805901355912
-0.2272187013817559
-0.11816830959227151
-0.22724281186273326
-0.2243402047308396
-0.29080608418841536
0.01376582752752029
-0.28102810700297826
-0.20058122767989622
-0.24554805457329532
-0.2214060665760888
-0.13596403869483503
-0.060512122616517575
0.07458490798793552
-0.27327413579515447
-0.17905779156585705
-0.1923599673911195
-0.291112810116109
-0.28143256078130363
-0.28045887651311996
-0.3099025911079658
-0.22428814167586178
-0.18428565745798173
-0.24006512025838422
-0.26224200805074405
-0.029081528783906664
-0.20325546934096875
-0.2255329712221366
-0.259732440659998
-0.18098828807707085
-0.24939183863472944
-0.09627042671447728
-0.2681146468563205
-0.2627802735491685
-0.23571194370207688
-0.230719116323385
-0.27546343784208993
-0.1478401347907493
-0.26963759574233437
-0.02117066188309203
-0.3076883949729518
-0.21177906586134898
-0.19982962623682726
-0.20799544902063832
-0.19646558954965757
-0.22980402228993527
-0.2237256474712021
-0.16163321185953256
-0.2514830781346493
-0.2639022393282227
-0.2056458791887244
-0.2384681573426386
-0.19567034617627443
-0.13674039802021393
-0.44350654550293866
-0.20193510581421786
-0.16963361164096244
-0.20249374385981767
-0.4328482490169537
-0.11581843106451248
-0.329993444930325
-0.252982722797904
-0.2649090164544885
-0.19036030838437173
-0.25205335826843533
-0.20943370115661974
-0.21133537839231886
-0.209295770227775
-0.4133413155237099
-0.19607567695407713
-0.20213249054439997
-0.4443164789587044
-0.2274691908604011
-0.26515102115678607
-0.22879506792476928
-0.2232886492928727
-0.19822713361364566
-0.20114594100338162
-0.20173428980276042
-0.1968612194339107
-0.24739867418991723
-0.2842430945143122
-0.299021207432278
-0.23908063036287158
-0.22182827279447775
-0.09785537812135121
-0.07672258125704401
-0.21727569158634583
-0.17802543622366518
-0.22615773614044857
-0.18033531339988096
-0.4260031507130576
-0.2808073048680771
-0.23502984655123454
-0.22875483903979643
-0.22846719396805426
-0.15422580272409575
-0.05490776427343748
-0.15199614898811126
-0.22531040314554773
-0.2364536215481972
-0.03214837225453756
-0.23705566095533342
-0.2554479337564449
-0.09490692187959494
-0.29510166395169685
-0.19685327679415288
-0.2743287659081116
-0.2456582771420126
-0.2010657864133001
-0.22601037786313863
-0.23478819343385218
-0.14930029841523507
-0.24001881789696666
-0.24672021349766782
-0.2862045920298697
-0.3028405398813323
-0.26981762436324375
-0.03275709727159314
-0.28861509570206073
-0.24599266844923212
-0.11900996795467228
-0.26047315133574955
-0.2753998137897855
-0.07304936579955923
-0.2435933874478137
-0.12195538953058367
-0.22104207591349032
-0.18701206336522536
-0.19798272136940548
-0.1568251362774581
-0.19687818240805316
-0.25755793613538114
0.010615596766081349
-0.1488852623728679
-0.21947194085584681
-0.2229803877239619
-0.42751820963842796
-0.24325223823443165
-0.14952923687825997
-0.25691446408642027
-0.20821172594931753
-0.235907937768991
-0.3020226725239889
-0.2433072425827711
-0.2603973335715163
-0.276388615157003
-0.20997493820217827
-0.25101142297016366
-0.1748111879744989
-0.29681374997836113
-0.04318361082868313
-0.2879844616528364
-0.19223669101631635
-0.223712446228754
-0.22257780939273913
-0.21630240317915622
-0.23815396694321447
-0.19603574784242686
-0.22331665988284344
-0.25465817105677147
-0.23507245316877728
-0.2356135319505442
-0.20644785242852728
-0.06229027297818595
-0.15765310925825982
-0.19908562813424827
-0.25195695563054993
-0.2869187870256723
-0.25113486168458
-0.2108322641721111
-0.24359814415727712
-0.22522839951257978
-0.2579680377254615
-0.1818834053155367
-0.11558589785853468
-0.2385859432930063
-0.2494923727774238
-0.291923585793796
-0.30406597283595804
-0.2904524146718885
-0.2704900925895005
-0.23053126432199036
-0.20367729697331224
-0.290723428732903
-0.19042313319950846
-0.25400691336120834
-0.16371904317398359
-0.21676714394230495
-0.19052449617081743
-0.14559071899507176
-0.21830047018863485
-0.2777370328880693
-0.12829318223518005
-0.21516467418661053
-0.18878451075783487
-0.27072590618411935
-0.27599234409181955
-0.2099961579854966
-0.2370833369621167
-0.29431867137043566
-0.21437530002002447
-0.16477375363164226
-0.29090886995780396
-0.4613524824151679
-0.3392524902821597
-0.24674725919091045
-0.23251845740861374
-0.2449156327977315
-0.10205012793461296
-0.2358326950439019
-0.25146052328755164
-0.29361724191530214
-0.21027496512172308
-0.24531350303968463
-0.17627668310107475
-0.28781430991068757
-0.17991692926718988
-0.48327066176031835
-0.20887917666751493
-0.298875850840281
-0.12516311433076135
-0.12697822732223646
-0.2372181455166819
-0.2200699440945827
-0.22577754337626044
-0.24696099914566116
-0.26654790761222036
-0.23849268858432582
-0.08877488093449926
-0.27872940689547804
-0.19832304861399483
-0.2433566989573354
-0.2869859089170733
-0.2119203072694495
-0.2764941520039917
-0.24955147470155503
-0.26284220990263557
-0.2627696166373089
-0.06326866658842104
-0.023123296897565378
-0.25434003707116926
-0.22570719496799574
-0.24322221265758331
-0.15779510962087206
-0.19627552517732266
-0.4207956639420409
-0.2731382430814145
-0.27517349548160075
-0.26306455113254956
-0.20338165113601026
-0.22317187286767692
-0.21468682437168018
-0.18083942199592723
-0.0528229299055128
-0.25992435160178173
-0.2628900434809223
-0.21188747062042002
-0.20135378213364782
-0.30117642504456543
-0.30439112446431704
-0.2369715361758687
-0.264902404506972
-0.3105170428534001
-0.2590746411458716
-0.24898029979327463
-0.23022310446608887
-0.27655951600023376
-0.1689420049269325
-0.20278960453093184
-0.2368717304082661
-0.20109185739258167
-0.23099189420894867
-0.2659983831411718
-0.18227745855107913
-0.11620377850346275
-0.24849149873793636
-0.08747976627315136
-0.10852933929564004
-0.23433433449713797
-0.23122542833602583
-0.21515293147347014
-0.34114289699659034
-0.1913371100747115
-0.23849631755934475
-0.13365412610086053
-0.2265001048170694
-0.20588124271952785
-0.2635658975207438
-0.18523479273385401
-0.4404992156565289
-0.14021529989999604
-0.2099973430886074
-0.3143626391152556
-0.14633952666466538
-0.2597682105875836
-0.17753491447371875
-0.05126695100340842
-0.2643193707283825
-0.21898852214742154
-0.2439589970491465
-0.18227542042687195
-0.1936048811724254
-0.22752997093792254
-0.20341164271413642
-0.2184896544371113
-0.21940790050113715
-0.1953514791608187
-0.19601312030963014
-0.2385324050280339
-0.20048559344627503
-0.27714164801133623
-0.21260610371366967
-0.240471220224743
-0.22947723405587572
-0.23880509236512393
-0.22766135876735072
-0.26729917715612206
-0.21760620215074555
-0.21657560088200614
-0.20906546038862844
-0.29174110480882254
-0.270105017351845
-0.23500726583169296
-0.2857299809528147
-0.24263138385983554
-0.20686856194109843
-0.1628865398644729
-0.1894537573309843
-0.23586109549594744
-0.21873115994359915
-0.2219891495591076
-0.04122744473279977
-0.30876012009676057
-0.25862145579453366
-0.2132051486190374
-0.21829936881387355
-0.23639956660875816
-0.24260819318540422
-0.09237416474716073
-0.262330745014576
-0.24086715289664218
-0.4727787744315919
-0.23171638592483657
-0.19373265582449178
-0.23132522346809375
-0.17130435449254355
-0.2392631416661714
-0.07617137566870263
-0.16908818536117382
-0.20487964233325673
-0.21459375110173415
-0.18950719980587466
-0.10580930626297722
-0.23559123961700992
-0.24811286580779057
-0.03800836783104225
-0.2633851665562272
-0.28560001954875835
-0.275234848013734
-0.2472054791994872
-0.16299818765161245
-0.28917289746267083
-0.22852458634199124
-0.20635469891688238
-0.27823183962370873
-0.012784152179850097
-0.11416917106674106
-0.27214991255173415
-0.22847049836981898
-0.24340838526883246
-0.22600300507266366
-0.22669712131077596
-0.1882567914345043
-0.12241915782877924
-0.18541223899430345
-0.21183574361533783
-0.2895012582722745
-0.2880532780491513
-0.1853487704011217
-0.21460161874653366
-0.1955825796257049
-0.2031204397292352
-0.25274181961001063
-0.2639909342856947
-0.21807627129856982
-0.14206700428318772
-0.047410766633068355
-0.2954680787887921
-0.24293614614292636
-0.23503215924461382
-0.2676482198194404
-0.2603084896306606
-0.3584221399702978
-0.4503397898875209
-0.2554925666802651
-0.16986457645014816
-0.2524511090489207
-0.25546181832224624
-0.19927353412485732
-0.238649088330324
-0.25908549562600813
-0.22537897440974466
-0.2319909355809649
-0.27936711108784357
-0.16994466568332378
-0.2597647230761551
-0.2246075065319905
-0.29786278396945465
-0.14129482885553515
-0.1300766889482785
-0.2501121469991924
-0.2592932304563629
-0.30226007990691317
-0.19033489401498768
-0.23173700253305973
-0.20871653217144634
-0.07890592572111367
-0.20586165797341527
-0.252817928895941
-0.27488398434681727
-0.2534462534993418
-0.24249466454031152
-0.22014245164535157
-0.26433223965267283
0.05353249097540399
-0.22479088743461037
-0.21905343063762794
-0.11247550964985559
-0.27507564332557516
-0.06522011199657121
-0.29199962519392586
-0.2706730034998751
-0.206442019936012
-0.27711443507877687
-0.23725193544441972
-0.14577696740928114
-0.01588011131309887
-0.2244346277908516
-0.266853100614042
-0.2427811496028801
-0.2833362851718711
-0.2624619656270326
-0.1988776586961547
-0.2206630739515117
-0.013843546188012232
-0.26099489562067446
-0.2581514600309618
-0.2008282538436894
-0.24008535816955567
-0.2927407691546424
-0.26741977086197855
-0.2895289785003281
-0.18253214387964972
-0.2461427642361121
-0.253471329356867
-0.22952538262844324
-0.1621213389052648
-0.18635490077251513
-0.320572198986327
-0.2695652527835219
-0.22651092017377683
-0.21195942931559988
-0.25433051794106565
-0.31127019783774557
-0.01484481903378668
-0.2351283083854136
-0.16100578830545953
-0.18571483264924865
-0.23437855131163027
-0.2922287779599517
-0.4465276338292973
-0.25098048722428135
-0.19322858577236682
-0.2545163866163688
-0.2266519106334054
-0.24869116853493728
-0.11743555822540444
-0.5134124118683415
-0.250808277545719
-0.25318691991101727
-0.22651004970397637
-0.25436855830546823
-0.148812635403884
-0.23981163771821812
-0.18711901429823008
-0.250506987045466
-0.2093518861042828
-0.11572313017128152
-0.2879702357555465
-0.16510436718967664
-0.23459765286624615
-0.13695952736012035
-0.22181007378561737
-0.17573409857466604
-0.19450837360794987
-0.25620903503177117
-0.20280324036161396
-0.22487162236554697
-0.19456335784983675
-0.189969795508483
-0.19987416831230662
-0.25626779952912554
-0.036166394385593936
-0.2359322258134075
-0.20070419556885966
-0.21053403136515397
-0.22139535887134557
-0.2551151012334306
-0.19581251155188334
-0.18071231943971214
-0.23153633923625444
-0.12458115277580324
-0.16307014926656987
-0.10636033420612204
-0.14428542842819458
-0.14566395670721805
-0.19884087118023935
-0.23659376987179623
0.0015507736606395345
-0.17419429222790186
-0.13730358906675802
-0.1606776161491138
-0.13841180210133353
-0.1621897794681153
-0.19838203345189723
-0.17099501216932328
-0.19100099245976893
-0.126498642905839
-0.1410787459578845
-0.1593929385914447
-0.134594270079277
-0.14760341600297033
-0.13372575696482555
-0.20334988747800306
-0.014980951142431208
-0.1870726123426937
-0.17497671116216265
-0.2346390560090632
-0.2197271543732322
0.12625443302753822
-0.08337199715589852
-0.20347319889719784
-0.0961138660799128
-0.19524265885494435
-0.17693951453146323
0.06148432723045541
-0.1493133184210133
-0.13966931357459744
-0.056697752433156424
-0.1744001904175549
-0.22061815518130595
-0.1654912027713951
-0.12274247582467412
-0.19175805625029355
-0.13991342527170653
-0.08059291042497797
-0.15821013060664801
-0.12472694023785337
-0.19499440720321184
-0.19435388174674761
-0.2253643619632903
-0.17976587135674227
-0.10545496330995952
0.08356579802231277
-0.17581943240228548
-0.14663530213781173
-0.1990045979846164
-0.14590586226994373
-0.11148190349014347
-0.21460971473007276
-0.07567945213813829
-0.11763594099033056
-0.14695454533509847
-0.17073266066299958
-0.2181288704515172
-0.12448345713635
-0.17662669714194987
-0.222675088730374
-0.10321592640357402
-0.12296240700126315
-0.1967017634661012
-0.08079462423186984
-0.1397629349936881
-0.11707934319714479
-0.20601676756642123
-0.17966492860568292
-0.1336177620066257
-0.15836170389736648
-0.16200760171095768
-0.20223459373091948
-0.14604435434588375
-0.17610396455022684
-0.12939179912540144
-0.22050217577675543
-0.17618672813533995
-0.14946016989278066
-0.20360168816401208
-0.3817842188751637
-0.09294237655763962
-0.13411793987934834
-0.11687065156709679
-0.2027439441176727
-0.19156534684033644
-0.16153347078447977
-0.03459140594643977
-0.1587495710690134
-0.26500778969424643
-0.14658629884838026
-0.1767547994640711
-0.21603943487642088
0.08227386339087285
-0.20157153049767323
-0.24181765519445197
-0.19543638809602837
-0.17281352395865013
-0.17588093933298338
0.0024888122202559562
-0.19310988377006827
-0.15577343699797508
-0.1669577009923735
-0.15063741516554863
-0.15734132148838637
-0.1632379905388059
-0.15988793160805498
-0.1554881564639747
-0.16802750964682972
-0.10883734077827294
-0.1189720396688249
-0.032434855324876596
-0.09678601603018022
-0.058507069449761424
-0.13007570940096536
0.02143783374451227
-0.10247315081174671
-0.20380547394478826
-0.17489400316804093
-0.173292712125902
-0.12221133700266494
-0.016985516417264278
-0.24269190655877712
-0.17061631146759876
-0.08839305638166836
-0.14159588984509303
-0.13715085819143213
-0.1455074068858588
-0.039982973276535744
-0.1733256460499556
-0.2351528579142491
-0.13214900584472872
-0.32297437841068116
-0.19490735623819516
-0.04952128942999603
-0.17345768571000764
-0.01515971178681563
-0.16456248070096996
-0.10140430496307687
-0.15768508305022252
-0.2512776815860544
-0.1614311209745046
-0.13830299476374353
-0.1957530769405142
-0.05250709007314032
-0.11849153363696567
-0.20010536629154468
-0.16207313300088774
-0.15671310754147913
-0.1727811059683863
-0.010295300627063587
-0.19565827743620737
-0.14962241047744554
0.044615433057555845
-0.12938741604092904
0.05743696437563109
-0.09694198550452873
-0.16642233122441136
-0.14294184752897976
-0.13360080869262608
-0.14444492967359934
-0.16335961837600368
-0.15132631841475225
-0.12055035276607899
-0.2202932086112952
-0.15785481281844205
-0.1424408093976187
-0.03996283684460618
-0.1441265802134808
-0.17544225305855668
-0.2876402642175829
-0.12635477922427651
-0.163770314940879
-0.20721792782370843
-0.05697898021968039
-0.15040163595762332
-0.16016177582510097
-0.17140604798796275
-0.12409632345674687
-0.1317643807401106
-0.006364961701773931
-0.15395558710460616
-0.18955626475135123
-0.18118079389301894
-0.13432473608643858
-0.18242932934715428
-0.15131731426443717
-0.17157102180374054
-0.01533401356445643
-0.20050206466216625
-0.10955457159074555
-0.14120368757433815
-0.11193901873330994
-0.1951860793960784
-0.17333218616738277
-0.19550484080721411
-0.18521322634891288
-0.14730927520642703
-0.17702698386825308
-0.11315845099263636
-0.17726852379606026
-0.12451274835727649
-0.21955330841734172
-0.09936347735747
-0.19799945513511918
-0.13624483362400686
-0.03875186296568128
-0.05016038968845814
-0.15834098182657458
-0.17748448954210777
-0.1916113673714313
-0.19873222623185777
0.06092606124113493
-0.2003966348178249
-0.16343639424866013
0.009448739992539736
-0.19645600809285285
0.004837985556406504
-0.16360024431069295
-0.15635140588100488
-0.15553688624540318
-0.16135923103781946
-0.181333234070204
-0.1793160112533739
-0.1971838610566228
-0.0399146056949819
-0.20468374345695448
-0.19661712837095874
-0.1169677984726421
-0.07556637873967478
-0.13673045177975757
-0.15838146344477427
-0.3883562993102303
-0.2075646490247246
-0.1322929131589321
-0.14278357604494074
-0.2455710420699943
-0.1324129897415416
-0.2505391796667576
-0.3233804935141777
-0.17914032869377927
-0.18389106641621156
-0.17695657686659513
-0.32551437201759315
-0.02262535615815414
-0.22780362690460154
-0.21049435861632493
-0.20916966507538454
-0.19364929698719582
-0.008921664114766983
-0.22843179359140453
-0.17980744924602873
-0.24711106083440815
-0.20041928871691567
-0.019488813419283893
-0.2324163222156093
-0.07069565363415482
-0.1867489869186471
-0.2979086849280357
-0.22634635387446214
-0.2644567301764456
-0.20725884347879503
-0.2669523241943643
-0.2644620973718339
0.052655564623745515
-0.013761046020995035
-0.27631898532066723
-0.17837129408887786
-0.2351323195578372
-0.19414021367193085
-0.17421845425650617
-0.045620029601964845
-0.2071190686928654
-0.1409352532527916
-0.20322461342774711
-0.31485581248074535
-0.29069992241917775
-0.23760521327697143
-0.1155374148489981
-0.10754084798239352
0.0682068006050604
-0.015878096220390617
-0.23749896817917893
-0.08901011513741594
-0.24062800491179737
-0.1806358171752891
-0.20291073398455647
-0.211114016417745
-0.20727241685962006
-0.04108505682881279
-0.2580274451021214
-0.2160267748123562
-0.1254733508513727
0.06110122238936275
-0.23131980340821545
-0.26374284166956014
-0.31975003791613277
-0.2214072901093146
-0.1989849442450723
-0.2527119407900832
-0.1125466078482448
-0.267359515908914
-0.2153003430852775
-0.02312769751110203
0.05817600481066057
-0.2276239330405661
-0.27006170791973466
-0.1363012130456952
-0.2657824559488171
-0.2067093193413747
-0.2284613196727453
-0.23445766259505707
-0.020491575513041045
-0.17804178574517898
-0.15679660199659678
-0.18395517213944887
-0.21874848399872387
-0.26071133327347557
-0.19567387665272803
0.04150832806825603
-0.22273438525395495
-0.19945715755263535
-0.25751536337076475
-0.27621621074738023
-0.26903155079138275
-0.16241377625725295
-0.11352091854157118
-0.015607397094557683
-0.2739837110746683
-0.09807708505736144
-0.22484012224302075
-0.20019673529116525
-0.18606952517804332
-0.09639874594119112
-0.29406142653020195
-0.20488110659666486
-0.2550791269853223
-0.1207207049980362
-0.34817482760832713
-0.20450313457946462
-0.23116150910926941
-0.2456476726419852
-0.194727477659802
-0.12649028971626816
-0.13810423179583126
-0.24240686066113107
-0.12503161645289845
-0.18187241657593223
-0.19249567987190225
-0.1442256305799428
-0.16822371839632377
-0.14509103239161142
-0.20675541619838497
-0.1916660192310825
-0.25258328682687636
-0.02328152921387136
-0.10198042552558018
-0.15507696266553672
-0.1298294007137049
-0.14137400226382646
-0.13238887064176358
-0.2152943522015473
-0.24057181844924727
-0.12800837627374895
-0.18078018919449182
-0.15494641161047026
-0.1187706257984142
-0.06189806333946511
-0.191207340178617
-0.20138653542943377
-0.12894049010853947
-0.15978975834438058
-0.19443773803334952
-0.12850561849496334
-0.12001239015644646
-0.2540201424667654
-0.17002254640644648
-0.14493374127211384
-0.1592409974173959
-0.3002034729522074
-0.1237703759433757
-0.17044543176884464
-0.22998656429365955
-0.13868269199082553
-0.17498403713633265
-0.16870806008039388
-0.11543444824723584
-0.12473515713026243
-0.15771116666643425
-0.4395136270717757
-0.41514847691550577
-0.21714414072312296
-0.17334578752310237
-0.2200470982873102
-0.1444857728611742
-0.2335475552182173
-0.185018558883543
-0.12438777567776144
-0.14552280723976402
-0.09775958002698588
0.01588234897469184
-0.1620308424769708
-0.24079587452398699
-0.2346963535093554
-0.3284605870752382
-0.331921110684507
-0.30856584059868297
-0.3051866893165702
-0.27359444008579065
-0.24779113852108092
-0.27293461210006903
-0.19848634428033687
-0.23326538945290573
-0.18102839583773156
-0.29996296066470685
-0.16980606135482837
-0.18222089667218563
-0.13086825963394344
-0.2178638061991085
-0.24242070890029488
-0.022031925572634885
-0.20400775406316649
-0.29372023101855094
-0.34651448234795634
-0.26215070158619375
-0.24500935551789835
-0.24885181794160577
-0.06785799150811864
-0.16685516272707324
-0.1778473449721279
0.031708219114271144
-0.22505265321257933
-0.1965303004141462
-0.32117366674130743
-0.2309081630979461
-0.2209237114273444
-0.18697834049287987
-0.2201963363606372
-0.2382046872388658
-0.15839991949357485
-0.2549329909864585
-0.011753554160255232
-0.31804930193986397
-0.22708964739664791
-0.28328720359219345
-0.07139409118976983
-0.1957711795068718
-0.268184197314441
-0.25691512798256405
-0.04064060009075755
-0.10149279744444904
-0.19488450564146095
-0.22662745173590743
-0.2548864194766136
-0.2505450378762346
-0.24741401872606533
-0.2513138010536611
-0.01769257205585982
-0.20558153253077022
-0.23546452872395274
-0.08305550425014913
-0.27751782784075746
-0.2668038855261481
-0.11889270617207494
-0.2786092055072422
-0.1457689075461046
-0.17813263148738565
-0.3460267463634398
-0.20420623491051412
-0.06523958186592685
-0.02081026697124636
-0.04736381037001391
-0.2440575864288141
-0.2604827193022327
-0.036965637653938066
-0.26617082162646455
-0.280851882476605
-0.2631304049166574
-0.26809113937238876
-0.3261893562094905
-0.2733562073598007
-0.24050967230477271
-0.22840896071848937
-0.23253860321977282
-0.16284897476546062
-0.15336098316221936
0.03349589815375122
-0.20004610252265181
-0.22079027741415974
-0.22743242707788874
-0.039848660513039175
-0.22552447341206194
-0.0849507816966634
-0.10972226759369727
-0.28185281330120704
-0.22884141123934598
-0.25222740855593684
-0.23837313321260062
-0.300072904566343
-0.033455674556152615
-0.24255882280504645
-0.28773380854344843
-0.022021995938552023
-0.31025306282881293
-0.05919434138318838
-0.2575672974866418
-0.31043282018385787
-0.07596966401179397
-0.2904672512848536
-0.07223436788979812
-0.22663492549935352
-0.21318690434768514
-0.29359562592255867
-0.2553176937569086
-0.29645106987568914
-0.2900966813525468
-0.20357714116762332
-0.2308274723443319
-0.25357283426248034
-0.267703428534958
-0.2558416300661043
-0.11437711477957266
-0.0544469968545709
-0.2173101159508915
-0.2216204695914853
-0.28850776030136605
-0.24117171245550922
-0.20794209801147706
-0.3998592494988711
-0.03947926168786049
-0.24928501681684745
-0.2227486093335158
-0.2896768177573855
-0.27314534089443404
-0.26786558953672235
-0.2285270003569585
-0.3043384394315047
-0.27817933243096826
-0.28249745724580877
-0.2820012954436206
-0.2715730519080187
-0.2628352754802089
-0.24876237572785023
-0.2055476491245064
-0.29393932753272956
-0.31842745914758286
-0.22017378985062094
-0.2618914146848916
-0.2910343993407782
-0.2610274268814026
-0.09667030851715903
-0.06905596648942963
-0.08564529332857367
-0.2742707460062297
-0.2982680008515103
-0.27870652148934794
-0.1614115390069497
-0.2664036121814236
-0.27495902046360743
-0.21155537875017255
-0.24417223137484728
-0.2943349676402012
-0.26029741654398914
-0.049801686727343364
-0.1259677425910032
-0.20116944217899352
-0.12691386987229947
-0.28853225510152614
-0.26219164774460546
-0.22657366776277224
-0.2410148454729494
-0.2886719536716005
-0.009271115651246756
-0.16640780565646765
-0.10299820987250671
-0.2579828339483382
-0.25249894271625795
-0.020415806151597177
-0.2926586584351979
-0.2997407744991537
-0.21090171859471812
-0.24002446465927035
-0.24778590609201925
-0.2941367912515655
-0.18586253773430736
-0.2523445517956825
-0.23547440643676537
-0.19853663301575802
-0.26455086836910235
-0.034932603589482455
-0.2920588557314358
-0.2981356138989312
-0.19455740265937546
-0.3104681443841947
-0.2701345360793862
-0.25340940865897754
-0.23600882847202306
-0.1416186506580559
-0.29475091922695973
-0.1861894044235542
-0.25874887110005423
-0.26972550092229963
-0.16254665481535585
-0.2799239672053492
-0.2609496540211821
-0.2156784069399214
-0.2523652859418734
-0.25251119758846136
-0.20866078947139094
-0.22714887010531554
-0.26919036630450066
-0.28990853280792506
-0.24543863789763914
-0.2696817919642575
-0.28997130157045403
-0.29014527708515725
-0.273509393427305
-0.23972257451415638
-0.19650051770524257
-0.04883896751492615
-0.2551953084314423
-0.29018541577976253
-0.23789303467605966
-0.13180881131668187
-0.09458003287470529
-0.04341042577097312
-0.05212742286371647
-0.26635817479575696
-0.1391631376969476
-0.006039278935553827
-0.2723772395977833
-0.1957129530905356
-0.3252494223371694
-0.04438383292880163
-0.05401204590551348
-0.28499014640945397
-0.266497479528066
-0.2474741713425574
-0.24797542095149927
-0.30931842943319726
-0.2889577073105991
-0.4664327737620425
-0.20443560756607426
-0.20425577010333423
-0.2186279663136657
-0.3048738162261903
-0.2411195389633401
-0.21003060697419262
-0.20053232354520306
-0.226816085774602
-0.24912627269500673
-0.3439319830407931
-0.04608079586146149
-0.1824450262862471
-0.30656426708633755
-0.24588898698669573
-0.16227592336532154
-0.19607357108107032
-0.12191583044296855
-0.07722415596107432
-0.257758337628205
-0.23170982971560522
-0.15380213358424033
-0.2174812218027601
-0.19388394470548423
-0.27527062004918235
-0.2832480672709785
-0.19149437089831098
-0.10928311225800182
-0.3505120250303849
-0.2798431640163146
-0.31106542706908735
-0.07788313613100901
-0.23036331084217787
-0.22739564183453234
-0.18932467623018184
-0.24399205508043914
-0.15304278828335566
-0.23945150002997795
-0.28385861251078226
-0.018397929909240107
-0.3437983721403288
-0.2915694142363988
-0.07470579525373558
-0.24378517194129462
-0.10133600169097609
-0.22754700732071687
-0.28193112075427057
-0.2862042196567171
-0.19245321735049944
-0.10077841547574255
-0.29388457525054157
-0.21728282078167163
-0.128898006356632
-0.2972495606630371
-0.32577474423719033
-0.026319007677248644
-0.10920114715529525
-0.2692515354107588
-0.0858188738579205
-0.24655559632170052
-0.2676371414512764
-0.09279988698533893
-0.06543453215475742
-0.10437912891462237
-0.037027678602994475
-0.3522979535979992
-0.31077222437430463
-0.10317708197662215
-0.31966201550659334
-0.2508306132432426
-0.18547908338867697
-0.1609119559237831
-0.27334464063004654
-0.2045031625246891
-0.2591709512451186
-0.24445695329192546
0.00956741121681711
-0.03756562040346521
-0.2239301650877139
-0.22180745972722649
-0.3192109156141168
-0.28318557816386225
-0.06604396352857433
-0.2382792850637105
-0.05451828796595341
-0.20888229342461936
-0.27739574429873876
-0.21137074140226753
-0.22759479484927753
-0.2605426137919713
-0.28272549980315365
-0.19479602581758546
-0.21407826882574238
-0.26525112022047215
-0.20228301335240106
-0.28932546504814727
-0.24596463822063303
-0.13873406092689577
-0.2605445113649838
-0.001016291560039641
-0.2853209909038016
-0.30175698466557777
-0.052769564426002634
-0.07078419717880724
-0.2710611460770116
-0.2139577101128208
-0.16049496574553077
-0.24666344965980752
-0.27524004719663414
-0.18766184830943977
-0.20935677888223092
-0.14574961044273677
-0.2921747097835454
-0.2790674118920046
-0.26491144208732076
-0.25705231805044804
-0.23605505744546054
-0.27094987974931284
-0.3023044233841517
-0.20551865469769104
-0.24726369329043763
-0.23835241274266883
-0.2776269226072311
-0.27594016750271416
-0.2558543733508959
-0.24651282704475316
-0.24743703099175074
-0.23882940188688745
-0.2058985807804234
-0.24054799070200136
-0.20424529693794227
-0.21471771624578076
-0.3300778152369685
-0.05235329542912957
-0.1935826491487262
-0.17428072661409946
-0.11511630137296537
-0.237580355722935
-0.2378904262088432
-0.18757245876511214
-0.26591093730222654
-0.2395865892262779
-0.22357842394564453
-0.29727520877740127
-0.019139221104076662
-0.28348273366445775
0.001703611626480579
-0.30712790284471436
-0.22633548579141277
-0.23643298224620524
-0.26505262088508763
-0.20385475182993618
-0.06219605494562237
-0.23748223880809344
-0.2756578840427332
-0.22227453009770515
-0.2686297002013218
-0.24787162527765144
-0.27519451367710046
-0.1474751201257172
-0.2705591157547315
-0.2710609904968089
-0.19219233124763307
-0.1915275950872644
-0.17921577516789022
-0.2892191549246117
-0.2828500551400375
-0.24053330119282573
-0.2565381548279686
-0.27893686475401913
-0.24466490146661563
-0.19063464750084363
-0.2393597217564706
-0.24188517400524778
-0.12453467677611015
-0.2642489448656149
-0.2694551968772261
-0.25315940815542176
-0.26366025480244953
-0.08435613164774265
-0.23776171295716872
-0.04319901966129851
-0.20869983939502929
-0.2367981715026955
-0.2659307475282353
-0.18498618014377524
-0.12339938102651513
-0.03282777627807119
-0.32066286202427824
-0.06405259655030784
-0.2001718759216076
-0.20967130824746225
-0.2623471601718324
-0.06643337078281375
-0.3183088005808009
-0.23575558490836593
-0.06608530138110333
-0.2732196262445741
-0.23615580947691595
-0.21538252215448603
-0.28089554667449934
-0.25857003041560456
-0.28557663780280157
-0.27025405512371625
-0.24738925009702395
-0.2646641821147022
-0.20046047536463601
-0.2486905770542014
-0.10593361345607909
-0.2288866688349258
-0.2948537141281278
-0.2554218691633558
-0.027111479669470008
-0.05378010936950696
-0.10625988362437128
-0.26238328634726044
-0.27883025264823025
-0.2245009944117164
-0.23254149887371706
-0.24392671649158076
-0.23558926024015148
-0.17803940968026125
-0.26044183994289805
-0.1888431103687023
-0.27932149021169295
-0.22881146109781908
-0.15489864927192032
-0.20219132596614087
-0.029432330954608364
-0.09555466749402229
-0.20979367334343138
-0.24054664686101696
-0.25067020048535804
-0.22129304551122003
-0.32378206127361453
-0.23482731570719234
-0.30692693438702945
-0.2620412412993359
-0.1572823722476398
-0.07062547206152583
-0.46210880450931385
-0.21427397599005144
-0.2332270039897109
-0.2636102067436913
-0.11102070799350924
-0.22388193614984525
-0.050317177778980926
-0.21109153058450125
-0.10926430334258375
-0.2827422106629613
-0.07651995604177636
-0.22946859557342802
-0.060908439221999386
-0.30768294965612203
-0.2545736319738157
-0.23345368098178257
-0.021251439804040834
-0.26329936599085385
-0.24772051361889316
-0.11238982372132236
-0.2911003643027515
-0.2764180241161854
-0.2171209726288374
-0.08713492801023806
-0.29368146248062854
-0.13774782230122046
-0.217884125240218
-0.23814318952156888
-0.3212882736219948
-0.07019208246650538
-0.14902757461290916
-0.11938267893098499
-0.2590754182042556
-0.2865572862567782
-0.3418084865098107
-0.3754527762681312
-0.21399274305915503
-0.23291167713780386
-0.1032721095821644
-0.22877904201695043
-0.1203553985293489
-0.2880561684309621
-0.2655234563565292
-0.01645265323103397
-0.12055454228513764
-0.0902654569954298
-0.2573641162217979
-0.10107029918705338
-0.26704332069070746
-0.0736954959737459
-0.22954162184849658
-0.25237687755451255
-0.2480790999485797
-0.15908946521937245
-0.008612794902526501
-0.27496358591701675
-0.1767138168279521
-0.24439642595450362
-0.2098440404647182
-0.13258197305818673
-0.2673137120738369
-0.0094040293976271
-0.25636740288725457
-0.1268380929142378
-0.18268404613629263
-0.26304948372890447
-0.20952876336031398
-0.10906712266630361
-0.22974875731795993
-0.21544825045295452
-0.2807680494444453
-0.19122539754392778
-0.29075023934808025
-0.2186717146122081
-0.2302629123860061
-0.15080758306235542
-0.2549524614120169
-0.285568583165013
0.0076555666783392744
-0.2233132547689612
-0.24410711737601637
-0.015152755513944637
-0.17493760213637305
-0.18016785428828824
-0.01913465821483943
0.020303312288840546
-0.27874468110176087
-0.27810236484944617
-0.1803749419052561
-0.3049880173146058
-0.10028144781967725
-0.20519710045361422
-0.3060420866431284
-0.23102557636828053
-0.27865553223347667
-0.1376319294249587
-0.26463347057135467
-0.196215145862488
-0.19422086408370554
-0.15996262065092662
-0.12193591614041098
0.012276350937382337
-0.2723493270173251
-0.24771491781053256
-0.045636946848812726
-0.21201996645162852
-0.24582658444400485
-0.01870737590910724
-0.26169045368224686
-0.17842902965392715
-0.1641524641648287
-0.26585760240134815
-0.25272128579858655
-0.2450210045885715
-0.3016522950572793
-0.2149979370702024
-0.29226258185883824
-0.09333892830324185
-0.2641721925372399
-0.24321421050304678
-0.05700842182056916
-0.2745845375866639
-0.22501718028512135
-0.2717145261912769
-0.28222946024907597
-0.046430034494370845
-0.2834515064196047
-0.2356949721111721
-0.2737610309362053
-0.2670887236532513
-0.2845886557877705
-0.2408561830741015
-0.28948678875061984
-0.10367301835576184
-0.22519529920406894
-0.26377765062474257
-0.048808495061208934
-0.10691228199135969
-0.23823954642447515
-0.268284326959872
-0.31785381340190083
-0.23751453342175044
-0.17506067633523117
-0.2944559732777841
-0.208494806295178
-0.26694259803072706
-0.18369947824397598
-0.10161025554473313
-0.3191758257870559
-0.025504948909684824
-0.14704702960110827
-0.2459022594361122
-0.23750044882998453
-0.26449946979138395
-0.3182631055951275
-0.06801355419854824
-0.2197264695177643
-0.21234738911877288
-0.26711462361384786
-0.2513691882072416
-0.21562506846880825
-0.2625253861183264
-0.0716711305793242
-0.05613628588015751
-0.2590107513801755
-0.25097144551586836
-0.08646543953695571
-0.25047075240035055
-0.2741610659656321
-0.33002252529528875
-0.21302862320938878
-0.0028380000001235984
-0.22909943952845271
-0.317041364534633
0.033861648146939455
-0.04671593480891599
-0.12054224899786456
-0.030366589430321996
0.09831795873350868
-0.07133235838563234
0.03356058307294662
-0.11281133370531454
-0.27139245832686887
-0.045020140991408386
-0.16323907382557978
0.07496099513297518
-0.0641728893206211
0.06521825432462533
0.008972655266188116
0.02164273628915027
-0.05453019469576326
0.10102756432235895
-0.06625361076992256
-0.041334874164233794
-0.09929180474202098
0.04650763636866049
-0.05356960052110396
-0.030936901524596883
0.025596859911732238
0.04356589210698721
-0.001758330160857251
-0.00852397300057079
0.049483069112710595
0.04632823633477147
-0.015983263196449903
0.06549444445529085
0.08203429573348905
-0.033836086561899306
-0.02656016071973567
0.03715059180010781
-0.002212837239009936
-0.050091984943701554
-0.12343463775847963
-0.06308900872744223
0.035940998972534166
-0.09250770819292833
-0.0013945534737991167
-0.25205194020884863
0.08593150583082979
0.0806029444111622
0.026695907831158838
-0.13895309222183388
0.05091226175578874
0.06799192500778653
0.05077598403672683
-0.04188279646129925
-0.09430235599799049
-0.26135261557164174
-0.0486570756315864
-0.0781214753467182
-0.28925012931892913
-0.023001517390919143
-0.005278449950182045
-0.2316934657708683
0.12894820052947728
0.003688703015035667
0.04424935387661384
-0.2096113006190049
-0.0817283380246641
-0.1638185505746032
-0.017645353510364392
-0.0586121341515449
0.07911065754634533
0.07786219835606739
-0.1017269539752722
-0.03644807627381105
-0.07699680273413681
-0.09132559443071966
-0.08755831060519707
-0.11743963643446798
-0.0552474427070052
0.005307954246626552
-0.18954787627341058
-0.019917849746884153
-0.01658119826624802
0.06063278484219613
0.10873903453540226
-0.0020567176196397098
0.06227050484170134
0.04090336664059789
0.08529969808897822
0.1146118688509486
-0.22728767975422678
-0.24627378339737604
-0.03161274954556341
0.09821736791909405
-0.06532914586944047
0.07998966785692604
0.033808200048667095
-0.24450057055895305
-0.07293678002842989
0.015913406267584144
-0.041351830310901096
-0.0449180606079846
-0.04379195147922437
-0.10164899550190955
-0.0032425651434675315
0.03412826003343912
0.0578008090659499
0.04674839002991162
0.05403054857851321
0.10918935670623633
0.03826453446520099
-0.08269135576337464
0.057297162440312396
0.0780028186100265
-0.22472544221138108
-0.09438979827589658
0.07182649865106332
-0.03537229835425687
0.04443436063258562
-0.09167162157709682
-0.200794414566564
-0.3129678124722675
0.034196759520464186
0.08342987558650725
0.09423770972300821
-0.0062885870851003296
-0.08868076914365017
0.06300567948103625
-0.21838675451305328
0.06517342425104306
-0.02469907604112804
0.08127312464313548
-0.22554680378281794
-0.0647570416179225
0.061265162086817634
0.09429306164149293
-0.024814420734381747
0.0548534875279511
-0.06817408651494253
-0.06527811829551025
-0.017374091204417456
-0.10688708897194016
-0.046064678084763166
-0.016193587308493407
-0.02102770784873658
0.02071191981792947
0.06907861409600606
0.013366242622273004
-0.19960674586804233
-0.27331474443142045
0.003729250991705969
-0.0970019317787181
-0.12048648233568772
-0.18792030959901526
0.04100640502990063
-0.024334387304170382
0.09588023917311764
0.01474173551693642
0.09830532379167939
-0.018549076122533436
0.010613637840568551
-0.06043471248780812
-0.06783212181697668
0.09729082322880134
0.033863819326335906
-0.03774672859434383
-0.019343262414990306
0.034881325964010286
0.01654595148249125
-0.1759790860557866
-0.031201092202762445
0.04457583007594784
0.04637605616204764
0.012154637597200507
0.04648004648497835
-0.05560846363718929
-0.25957902205942707
-0.22490507145185507
0.0060861475542879125
-0.09347988809342739
0.0723922261174075
0.13539652170844624
0.010534548961581312
-0.04865558638316021
-0.056716097165030344
0.0499649202987812
-0.08731218590887488
-0.13182472049206986
-0.008962984347032323
0.05843345829312302
-0.021927114213956284
0.02876023953021524
0.005276889794528441
-0.0670993282747055
-0.054700076220534743
0.10488146113842882
-0.21892148948485352
-0.024552722089295428
0.08153571262308071
-0.026563725104633513
-0.04925184925021723
0.024804334893591247
0.038068512852070566
-0.2202123294437235
-0.20940339894309745
0.07090059570883095
0.02041889281541761
0.017396052992475992
0.10664876405636148
0.09168860731158646
0.1482693156388609
-0.06299749730595511
-0.3026316558341966
0.0890800460942222
-0.2545207162676719
0.06949890003801606
-0.020843628152258542
-0.12214570143468592
-0.11430894615178439
-0.31697394024966286
-0.23981084487290882
-0.003031322375177014
0.022249298065896102
0.06224438524599567
0.089817235658332
0.0678975984536887
-0.024769091437552307
0.07642793053154105
0.10810807311107899
-0.04801307993139568
-0.07372583831804191
-0.06787049636947928
0.06057675541765481
-0.23364065343862345
-0.1068527668896441
-0.023211905933623534
-0.17047981847843652
0.04538944592352216
0.05161050260774874
0.09067123045927332
0.0015221067017741413
-0.022309873835193148
0.10645784429395352
-0.10268967470591342
-0.012251629846318824
0.07840171239219303
0.0666517248713365
0.04267910631375893
-0.145464726613798
-0.06157591888791432
0.026121572082854323
0.03729085113891901
-0.2530911767372259
-0.07523186147534801
-0.26271645779781394
0.12414401443410683
0.0462613935349543
0.06131080139584642
-0.11921474101713976
-0.0004926243721490426
0.07217795021668508
0.008922468586252945
-0.1294633015499857
-0.22240614527698283
0.11533939061383491
0.07601215934476323
-0.03121008292320892
0.03148725006948623
0.05580957650714377
-0.042731239848382355
0.04651629583877495
-0.0358791731141619
-0.1039953368923171
-0.04866133734658075
0.08532712806551614
-0.2918091794988352
0.0485588091900476
0.04278968232424664
0.12421924473396612
0.039338120017838735
0.04498833509148281
0.02861808372184941
0.04384586993361206
0.0936614257351324
-0.1025963956851137
-0.015022858301971946
-0.11244881192958298
0.049111851795395026
-0.02813438531524104
0.024290084120030475
-0.00928182764710802
-0.19863168216618837
0.0050524663933113
-0.00747349483336469
-0.02366291976522463
0.04534431457316585
-0.04155095552391762
-0.08483134888646653
-0.06705886035012364
-0.09360557998547714
-0.037568351986489015
-0.010328050199948284
0.02251669865430479
-0.12075705926532485
0.05327229465518944
-0.0073226509930957705
-0.10406882702867737
-0.053785178948152226
-0.002377466106697055
-0.26620889920445123
0.0832713457605891
0.11862699231459344
0.04082955561355658
0.013972642583104393
0.11351259943092863
0.06188613193211402
0.12466211198372623
0.06450324430612633
-0.024700325146029684
0.014608248041233101
-0.056086614012679864
0.07420497967384813
-0.005265960217605942
-0.24831539013799642
-0.1479901130484883
0.10244359846484352
-0.27175445755632655
-0.2541034971414751
-0.19175123747550538
0.03833752041449565
0.10491105269304121
-0.0988419150908075
0.0591988919561942
0.05238602400075703
-0.01885840091634067
-0.02811644680787711
-0.029874999487531494
0.10830283900982621
-0.0699759310165102
0.05797613881118922
-0.09832568241237158
-0.0017386721410995642
-0.23937162605016316
-0.22624920662737608
-0.17910651657320495
0.0545507462896013
0.01812962928813441
-0.09709096068924586
0.016646272730032184
-0.21807991428224194
0.08180949972385028
0.03408617013240656
-0.049072086072543285
0.11051757982817945
-0.08308323253354226
0.07354863783512358
0.07430129063972617
-0.09807669160519919
0.061099032578437976
-0.07878183002386782
0.12955131807299022
0.11646954616510184
-0.027379010968154118
-0.095263176615141
0.045056716232482794
-0.20968606261262301
-0.010880160550728615
0.05054137764293282
0.07625117569712173
-0.20484212163286983
0.08223416693151739
-0.08564148921690588
0.028870532191412855
0.015113208909368039
0.053327144393149534
-0.3172273973870238
-0.10107446434122108
-0.08407925941079811
0.010360494869741013
-0.08308374944473396
0.04710708498349197
0.07444022915337677
-0.1392398687969077
-0.042886994099987606
0.007739701424287198
-0.03857431682372865
-0.1261529307221293
-0.07343016562929477
-0.259461193579796
-0.09021630028693436
0.029598442066919667
0.0909342571924415
0.00100403336241776
0.03303188592188696
-0.009629185624974626
-0.2794954949596505
-0.23674413137014144
0.0349277726452912
0.0256255559434885
0.05387867799132144
0.017547426357957523
-0.11313260687404145
-0.05835300470291009
-0.28972416280187985
-0.027956773462385006
-0.15191626793192392
-0.16562900348293524
-0.0409525061493672
0.06295427422226466
-0.2151068699661538
-0.1860959393085969
0.12709907436774187
0.11146885262197628
0.12189800193190753
-0.025880580438276762
-0.022026898639654974
0.03158495008537002
-0.052602968912262967
0.04069172150459201
0.03300991616469531
0.028002310650362773
0.004663928087696082
0.013246421919880468
-0.23794149592663982
0.005057721842838054
-0.2432548793482825
-0.1930503674167866
0.07226397529743389
-0.03898129538503624
0.06685251018290277
-0.07221518221197934
-0.0727189277950217
0.03419089532325252
0.03354833218958378
0.10231124988710448
0.1329640609400618
-0.2125650990675343
0.053746040994953864
0.08403940400012394
-0.020739923694032894
-0.03227228285637281
0.05222338487864746
0.0189784984080776
-0.01830393673958034
-0.21683016448295894
-0.21319476764630838
0.0730648585780695
0.009379074126361164
-0.02884391505995447
-0.031994678475223845
0.026742996887828017
-0.2385258056940569
-0.2064910293624864
-0.1585553648012345
0.12931249337924292
-0.06521965692925563
-0.27016488769783287
0.07838141290792608
0.11386438390316525
0.00923519409295379
0.05727868395313646
-0.0002845998613608269
0.018301590460736025
-0.0282607622400767
0.11452302542397412
0.05890446108876579
0.029298200312782206
0.0031871374799372506
0.05041945966752501
0.05041945966752501
0.09076594499506924
0.029427030029752922
0.0035534319855280725
0.02464011912133578
0.050594923298564784
-0.06967401274616991
-0.07668243933893146
-0.006347868232741387
0.02287146946077273
0.03533910736231802
-0.004891021963281957
-0.010084280336059171
-0.16565660571873625
-0.05514649915208079
-0.2278669493956793
-0.21668057525011955
-0.23708820817450887
-0.0213764252649898
0.016950009570460944
0.04801368167126855
0.0024734995825469288
-0.11319473183235808
0.0007800833075587799
0.042950321808539554
0.036752104627575874
-0.22471059741773552
-0.06281554532396907
-0.10732828769667578
0.0015796218559844988
0.03362605024257045
-0.03869705418760717
-0.30032291811823053
-0.022953236518383567
-0.19009049102280798
0.04944681492856783
0.04147178967329691
-0.024820059713263516
-0.015789886272978997
0.05797705821115583
-0.034706585884330274
0.03076209628838474
-0.06365228425113788
0.052886480409165326
-0.03688570465476751
-0.016116936169007758
-0.2907092156829494
-0.26680563412535585
-0.1607098856240729
0.13215066183927238
0.042411470837319214
0.044530249795262045
0.05820596210733482
0.05005096901464613
-0.06541247645704762
-0.04072918531886427
-0.06478481130351249
-0.2140067052093238
-0.06868469060375423
-0.050617471538618494
-0.04629531698849638
0.004733956889822697
-0.07086360166878872
-0.02464177513217923
-0.00670062713018591
0.13555189632126932
0.033277979446240016
-0.2593666843395832
-0.22313114220838182
0.05327683613664976
-0.04155712117067514
0.012276061761503487
0.13656747066973807
0.002164746436647072
-0.04818127621843062
-0.013618119232432448
-0.0833597795593653
-0.1473686578245112
-0.03855618376422042
0.06497603723814876
0.03552720630555663
0.07830696642305446
0.0162898419917395
-0.07139391847219191
-0.21941756817456845
0.10666981965260319
-0.03260019270727726
-0.21980579797110694
-0.0020223765901307782
0.01054561783969974
-0.13603487618200752
0.007889913709180362
-0.08330512190530293
0.036691369217457206
-0.0994454799647593
0.04479621615568671
-0.26404954090869104
-0.11801630283660645
-0.061981377298968666
-0.038835322779037264
0.048912642771968606
-0.08730551615746285
-0.08137871182177253
-0.08177569797925005
0.10060655739574645
0.012775183289231933
0.026915782132117396
0.0564948273696787
-0.04364360333946382
-0.050354788646678375
0.07811160807875445
-0.04386770432273343
0.05371386231201753
-0.038756139904332756
-0.0444011427060359
0.1187174395711315
0.00970556902322941
-0.025661016872260828
0.023583093755912568
-0.2709011928173007
-0.2354642505258312
-0.12530690235266864
0.04698706066500339
0.019891830898934267
-0.06230379641367321
0.012337216320686992
-0.042629609798334495
-0.20076566818234154
-0.12624186031026358
-0.037057597414142295
0.01692610304395934
-0.04741918439119311
0.05281796314742063
-0.03636786797793112
-0.050368791166350124
0.12070082933839148
-0.06562843281903143
0.0665081262713278
0.07270870685079728
-0.05495436915897774
-0.08417454504733343
-0.15843073181191752
-0.03573844491669996
-0.24133829769910248
-0.06230112743516919
0.09893448768968596
0.06389305592225608
0.03392613399492744
0.15721687384617233
0.1086398656112631
0.06642529299336505
0.054659148598327975
0.08379482598133792
0.06201579051977503
-0.06032934437421571
-0.22220301799583184
-0.024477292204824315
0.0035166756676994725
-0.010860896168249402
0.05847246730552695
-0.029765907602353172
-0.07849332360009204
-0.027622456663580958
0.034954426719695494
-0.013749309305417196
0.02690821271974029
0.023476848519162645
-0.02538857457402933
-0.1642221570356418
0.03383144296374078
0.056187213901512933
0.08044693884463276
-0.0370366019646302
0.1074811965048528
0.00900864321728208
0.021251689757512522
-0.04387122572822735
0.06820841912059339
0.0649935159347784
0.007182556442705542
0.009440995852723087
0.025505600930944033
0.051808108740028676
0.0880921357025862
0.02963740831682047
0.10167473326766915
0.14442436631791183
-0.07609757656161217
-0.08986855451353389
-0.04767923443710219
0.12195818898063457
-0.005656992698823745
-0.11024652451470565
0.003443066495837713
-0.13387661128843611
-0.19317945094356756
-0.013425122907355884
0.04947986554453391
-0.12151996520779884
-0.052954735350536186
0.1092738613033121
0.05032946375681022
-0.11582892670830511
-0.02450509158386984
0.01303394730127181
-0.05440307929723238
-0.06710051053053595
0.08690805456096243
-0.0710699189205332
-0.1312886862355996
0.020049972751414263
-0.003353100512422255
-0.008994338060679011
0.002171271350793351
0.016731718378333975
0.02137170370181265
-0.01576788259302258
0.014506686830197077
-0.00412600096335557
-0.00412600096335557
-0.11461782135948556
-0.007377543899414656
0.08697040953963536
0.0408150083129627
0.02476439965377067
0.07087208781281716
0.03172203318352319
-0.03450400702534308
-0.009068061956464198
-0.002289809683285365
-0.19570203340952147
0.08931867137586269
-0.06213334744876333
0.04875150438730896
0.03269822504419214
0.03676169902733086
-0.09929730376400861
-0.025269024003208972
-0.057873871011752745
-0.2879724885400984
-0.2278669493956793
-0.21668057525011955
0.017451457156707997
0.04319037912361087
0.12023950809849984
0.07702363362647656
0.01925128724634872
-0.08426905715552298
-0.3026377865987563
0.054741227424136674
-0.15168056672020283
0.05839222111321389
-0.07719237290743391
0.029918445451554664
-0.009022733495120904
-0.16123058620876302
-0.03460841728121698
0.00729738881401819
0.007978950424683651
-0.04356392632415239
0.08525280399108226
0.08591892740884488
0.09284470217117036
-0.01634111001873635
0.01776250377267062
0.00798556253914005
-0.08416666959909526
0.057266917186459654
0.10213437721775538
0.04384502523419103
0.1348224208586754
0.03290381648506846
-0.016341398542697144
-0.07511935147978518
0.0004732573898111131
-0.09248731362077915
-0.07228954390186863
-0.08512960899368249
-0.09611320362260131
0.0036535341622227066
0.016255887046947543
-0.005085888764093693
0.09014127713912864
0.0603875698070105
-0.05935676294809103
0.02998311930235041
-0.04211472573159317
