5.567731513330038
5.447676374635577
5.1551819856062835
6.146817315105608
5.204373933257372
6.139396866610042
6.079941618514631
6.276121311399997
6.394444882296796
5.7239622443047296
5.2595104534967945
5.485666011071949
6.194179992855652
5.901844540615912
6.172167762232078
5.866126344870807
5.519941440706269
6.965340496999666
5.267056903109442
6.765271159158317
6.830022422324305
6.290197793850325
5.573304894645773
5.315659051837841
5.60088817899269
6.536279439799074
6.133237541468276
5.901154755118334
5.47206625277704
6.160324236528844
5.861767547295862
6.48380533802947
6.242590201612195
5.876670935630912
5.33090707713842
5.264806128646683
5.690543540978396
6.275303329950532
5.617835438691543
6.53949649064112
5.352998275826522
5.245338627825902
5.8447483697212235
6.094122935828125
5.500771172017835
5.896464574934399
5.437044524571611
6.0879466273564375
5.570477848435779
6.0650884395313085
5.988698710251995
5.151726127770289
5.964461489980593
5.830809268872706
5.3053111577038194
6.704287487475774
5.897440205810163
6.125224502079789
6.826846804196315
5.469172942666788
6.316198622538664
5.618670934812592
5.65462685695389
5.3773346534152395
5.964540484601628
6.128444423309439
5.822398677964308
5.7785212817068015
6.358711495391425
6.461276941277482
6.437507762232407
5.131456548744637
4.997719311143719
5.809534959024063
5.230336602005558
5.989226477920013
6.372590634633276
6.199783511800618
6.271112208981364
6.626191994877615
5.503259533588867
6.3680948419431544
5.7968087865835685
5.698211745725111
5.397120284940321
5.256680663481902
4.869384722611812
5.915367031535091
6.382419818892458
5.64374266510027
5.5205020736200865
5.321562496153618
6.170364053390713
6.030486412641679
5.54863417013658
5.6048470729457165
5.478119707254372
4.982874254543013
5.820169119551984
6.246388521883411
5.514278120618641
5.692038963222657
5.807031610378004
6.260940138490447
6.10328322835106
5.486060829993811
5.29044516973768
5.669300859292058
5.390874076896765
5.637821985678755
6.612276616963634
5.7339907461506385
5.723567906808725
5.751421185595369
5.389392664177507
5.045913873467342
5.003240729674076
6.0153168628255145
6.2201517710725724
5.414491190715815
6.222913744477125
5.465538896411729
5.124752991876626
5.073073858194547
6.625796394460416
5.752164167175216
6.27518339558641
6.64952987966474
4.7809032504998115
5.446427192699886
5.411388178086327
5.330396952392945
5.810895865972867
6.218837722253497
6.213741448609014
5.142295257923124
5.832119595780178
6.046814261098483
5.302704153835414
4.9084209754630095
6.0434106094398885
5.766197244162285
5.576237806119046
6.614833454877314
6.045865241608581
5.720492325762393
5.406138041343773
5.284837916340912
5.654077701969982
5.343210802451395
5.073043614389491
5.40308820631553
5.941797299998576
6.031246851176114
5.673654504020682
5.264355585326051
5.0689711618367
5.032694067532745
5.589940624728108
5.2634718534774265
6.415639238197436
5.1221292647737116
5.7266474819998265
6.517373729530441
6.373798338229264
5.919608822274149
5.197113766213029
6.535469237761788
5.183018950722278
5.2858502943049
6.372081447036905
6.238792440084957
5.117734165520318
5.558337528377145
6.420198688831796
4.758079569945664
6.015019252621428
5.125366945546702
5.3304624970110766
5.394499548085278
4.925171887846794
4.906680278067697
5.680069974099645
5.397058112615994
5.364130948183536
5.082123765048422
6.208273505635688
6.006946183093845
5.513816091819535
5.096260089300216
5.8079742991889844
5.693327217591026
5.226867639673884
5.729919888024803
4.259467377374158
5.550046363145839
